time	V(Vin,Vc)	V(vc)	I(C1)
0.000000000000000e+000	0.000000e+000	0.000000e+000	0.000000e+000
9.999999960041972e-013	7.000000e+000	3.600823e-010	4.861111e-003
1.999999992008394e-012	7.000000e+000	7.201646e-010	6.481481e-003
1.006310719994779e-004	6.963858e+000	3.614184e-002	6.448017e-003
2.030310719994804e-004	6.927273e+000	7.272746e-002	6.414141e-003
3.054310719994828e-004	6.890879e+000	1.091209e-001	6.380443e-003
4.078310719994853e-004	6.854677e+000	1.453231e-001	6.346923e-003
5.102310719994759e-004	6.818665e+000	1.813351e-001	6.313579e-003
6.126310719994229e-004	6.782842e+000	2.171579e-001	6.280409e-003
7.150310719993699e-004	6.747207e+000	2.527925e-001	6.247414e-003
8.174310719993169e-004	6.711760e+000	2.882399e-001	6.214593e-003
9.198310719992638e-004	6.676499e+000	3.235011e-001	6.181943e-003
1.022231071999260e-003	6.641423e+000	3.585770e-001	6.149466e-003
1.124631071999318e-003	6.606531e+000	3.934686e-001	6.117159e-003
1.227031071999376e-003	6.571823e+000	4.281770e-001	6.085021e-003
1.329431071999434e-003	6.537297e+000	4.627030e-001	6.053053e-003
1.431831071999492e-003	6.502952e+000	4.970476e-001	6.021252e-003
1.534231071999550e-003	6.468788e+000	5.312118e-001	5.989619e-003
1.636631071999608e-003	6.434804e+000	5.651965e-001	5.958152e-003
1.739031071999666e-003	6.400997e+000	5.990026e-001	5.926849e-003
1.841431071999724e-003	6.367369e+000	6.326312e-001	5.895712e-003
1.943831071999782e-003	6.333917e+000	6.660830e-001	5.864738e-003
2.046231071999638e-003	6.300641e+000	6.993592e-001	5.833927e-003
2.148631071999474e-003	6.267540e+000	7.324604e-001	5.803277e-003
2.251031071999310e-003	6.234612e+000	7.653879e-001	5.772789e-003
2.353431071999146e-003	6.201858e+000	7.981423e-001	5.742461e-003
2.455831071998982e-003	6.169275e+000	8.307246e-001	5.712292e-003
2.558231071998818e-003	6.136864e+000	8.631358e-001	5.682282e-003
2.660631071998654e-003	6.104623e+000	8.953766e-001	5.652429e-003
2.763031071998490e-003	6.072552e+000	9.274482e-001	5.622733e-003
2.865431071998326e-003	6.040649e+000	9.593511e-001	5.593193e-003
2.967831071998162e-003	6.008913e+000	9.910865e-001	5.563809e-003
3.070231071997998e-003	5.977345e+000	1.022655e+000	5.534579e-003
3.172631071997834e-003	5.945942e+000	1.054058e+000	5.505502e-003
3.275031071997670e-003	5.914704e+000	1.085296e+000	5.476578e-003
3.377431071997506e-003	5.883630e+000	1.116370e+000	5.447806e-003
3.479831071997342e-003	5.852720e+000	1.147280e+000	5.419185e-003
3.582231071997178e-003	5.821972e+000	1.178028e+000	5.390715e-003
3.684631071997014e-003	5.791385e+000	1.208615e+000	5.362394e-003
3.787031071996850e-003	5.760959e+000	1.239041e+000	5.334222e-003
3.889431071996686e-003	5.730693e+000	1.269307e+000	5.306198e-003
3.991831071996892e-003	5.700586e+000	1.299414e+000	5.278321e-003
4.094231071997172e-003	5.670638e+000	1.329362e+000	5.250590e-003
4.196631071997452e-003	5.640846e+000	1.359154e+000	5.223006e-003
4.299031071997733e-003	5.611211e+000	1.388789e+000	5.195566e-003
4.401431071998013e-003	5.581732e+000	1.418268e+000	5.168270e-003
4.503831071998293e-003	5.552407e+000	1.447593e+000	5.141118e-003
4.606231071998573e-003	5.523237e+000	1.476763e+000	5.114108e-003
4.708631071998853e-003	5.494220e+000	1.505780e+000	5.087241e-003
4.811031071999133e-003	5.465355e+000	1.534645e+000	5.060514e-003
4.913431071999413e-003	5.436642e+000	1.563358e+000	5.033928e-003
5.015831071999693e-003	5.408080e+000	1.591920e+000	5.007482e-003
5.118231071999973e-003	5.379668e+000	1.620332e+000	4.981174e-003
5.220631072000253e-003	5.351405e+000	1.648595e+000	4.955005e-003
5.323031072000533e-003	5.323291e+000	1.676709e+000	4.928973e-003
5.425431072000813e-003	5.295324e+000	1.704676e+000	4.903078e-003
5.527831072001093e-003	5.267504e+000	1.732496e+000	4.877319e-003
5.630231072001373e-003	5.239831e+000	1.760169e+000	4.851695e-003
5.732631072001653e-003	5.212303e+000	1.787697e+000	4.826206e-003
5.835031072001933e-003	5.184919e+000	1.815081e+000	4.800851e-003
5.937431072002213e-003	5.157679e+000	1.842321e+000	4.775629e-003
6.039831072002493e-003	5.130583e+000	1.869417e+000	4.750540e-003
6.142231072002773e-003	5.103629e+000	1.896371e+000	4.725582e-003
6.244631072003053e-003	5.076816e+000	1.923184e+000	4.700755e-003
6.347031072003333e-003	5.050144e+000	1.949856e+000	4.676059e-003
6.449431072003613e-003	5.023612e+000	1.976388e+000	4.651493e-003
6.551831072003893e-003	4.997220e+000	2.002780e+000	4.627056e-003
6.654231072004174e-003	4.970967e+000	2.029033e+000	4.602747e-003
6.756631072004454e-003	4.944851e+000	2.055149e+000	4.578566e-003
6.859031072004734e-003	4.918872e+000	2.081128e+000	4.554512e-003
6.961431072005014e-003	4.893030e+000	2.106970e+000	4.530584e-003
7.063831072005294e-003	4.867324e+000	2.132676e+000	4.506782e-003
7.166231072005574e-003	4.841753e+000	2.158247e+000	4.483105e-003
7.268631072005854e-003	4.816316e+000	2.183684e+000	4.459552e-003
7.371031072006134e-003	4.791013e+000	2.208987e+000	4.436123e-003
7.473431072006414e-003	4.765843e+000	2.234157e+000	4.412817e-003
7.575831072006694e-003	4.740805e+000	2.259195e+000	4.389634e-003
7.678231072006974e-003	4.715898e+000	2.284102e+000	4.366572e-003
7.780631072007254e-003	4.691123e+000	2.308877e+000	4.343632e-003
7.883031072006922e-003	4.666477e+000	2.333523e+000	4.320812e-003
7.985431072006314e-003	4.641961e+000	2.358039e+000	4.298112e-003
8.087831072005705e-003	4.617574e+000	2.382426e+000	4.275532e-003
8.190231072005097e-003	4.593315e+000	2.406685e+000	4.253069e-003
8.292631072004489e-003	4.569183e+000	2.430817e+000	4.230725e-003
8.395031072003881e-003	4.545178e+000	2.454822e+000	4.208499e-003
8.497431072003273e-003	4.521300e+000	2.478700e+000	4.186389e-003
8.599831072002665e-003	4.497546e+000	2.502454e+000	4.164395e-003
8.702231072002057e-003	4.473918e+000	2.526082e+000	4.142517e-003
8.804631072001449e-003	4.450413e+000	2.549587e+000	4.120753e-003
8.907031072000840e-003	4.427033e+000	2.572967e+000	4.099105e-003
9.009431072000232e-003	4.403775e+000	2.596225e+000	4.077569e-003
9.111831071999624e-003	4.380639e+000	2.619361e+000	4.056147e-003
9.214231071999016e-003	4.357625e+000	2.642375e+000	4.034838e-003
9.316631071998408e-003	4.334731e+000	2.665269e+000	4.013640e-003
9.419031071997800e-003	4.311958e+000	2.688042e+000	3.992554e-003
9.521431071997192e-003	4.289304e+000	2.710696e+000	3.971578e-003
9.623831071996583e-003	4.266770e+000	2.733230e+000	3.950713e-003
9.726231071995975e-003	4.244354e+000	2.755646e+000	3.929957e-003
9.828631071995367e-003	4.222056e+000	2.777944e+000	3.909311e-003
9.931031071994759e-003	4.199874e+000	2.800126e+000	3.888773e-003
1.003343107199415e-002	4.177810e+000	2.822190e+000	3.868342e-003
1.013583107199354e-002	4.155861e+000	2.844139e+000	3.848020e-003
1.023823107199294e-002	4.134028e+000	2.865972e+000	3.827804e-003
1.034063107199233e-002	4.112309e+000	2.887691e+000	3.807693e-003
1.044303107199172e-002	4.090704e+000	2.909296e+000	3.787689e-003
1.054543107199111e-002	4.069213e+000	2.930787e+000	3.767790e-003
1.064783107199050e-002	4.047835e+000	2.952165e+000	3.747995e-003
1.075023107198989e-002	4.026569e+000	2.973431e+000	3.728305e-003
1.085263107198929e-002	4.005415e+000	2.994585e+000	3.708718e-003
1.095503107198868e-002	3.984372e+000	3.015628e+000	3.689233e-003
1.105743107198807e-002	3.963440e+000	3.036560e+000	3.669851e-003
1.115983107198746e-002	3.942617e+000	3.057383e+000	3.650571e-003
1.126223107198685e-002	3.921904e+000	3.078096e+000	3.631393e-003
1.136463107198625e-002	3.901300e+000	3.098700e+000	3.612315e-003
1.146703107198564e-002	3.880804e+000	3.119196e+000	3.593337e-003
1.156943107198503e-002	3.860415e+000	3.139585e+000	3.574459e-003
1.167183107198442e-002	3.840134e+000	3.159866e+000	3.555680e-003
1.177423107198381e-002	3.819960e+000	3.180040e+000	3.536999e-003
1.187663107198320e-002	3.799891e+000	3.200109e+000	3.518417e-003
1.197903107198260e-002	3.779927e+000	3.220073e+000	3.499933e-003
1.208143107198199e-002	3.760069e+000	3.239931e+000	3.481545e-003
1.218383107198138e-002	3.740315e+000	3.259685e+000	3.463255e-003
1.228623107198077e-002	3.720665e+000	3.279335e+000	3.445060e-003
1.238863107198016e-002	3.701118e+000	3.298882e+000	3.426961e-003
1.249103107197956e-002	3.681674e+000	3.318326e+000	3.408957e-003
1.259343107197895e-002	3.662331e+000	3.337669e+000	3.391047e-003
1.269583107197834e-002	3.643091e+000	3.356909e+000	3.373232e-003
1.279823107197773e-002	3.623951e+000	3.376049e+000	3.355510e-003
1.290063107197712e-002	3.604912e+000	3.395088e+000	3.337882e-003
1.300303107197652e-002	3.585973e+000	3.414027e+000	3.320346e-003
1.310543107197591e-002	3.567134e+000	3.432866e+000	3.302902e-003
1.320783107197530e-002	3.548393e+000	3.451607e+000	3.285550e-003
1.331023107197469e-002	3.529752e+000	3.470248e+000	3.268288e-003
1.341263107197408e-002	3.511208e+000	3.488792e+000	3.251118e-003
1.351503107197347e-002	3.492761e+000	3.507239e+000	3.234038e-003
1.361743107197287e-002	3.474411e+000	3.525589e+000	3.217047e-003
1.371983107197226e-002	3.456158e+000	3.543842e+000	3.200146e-003
1.382223107197165e-002	3.438000e+000	3.562000e+000	3.183334e-003
1.392463107197104e-002	3.419938e+000	3.580062e+000	3.166610e-003
1.402703107197043e-002	3.401971e+000	3.598029e+000	3.149973e-003
1.412943107196983e-002	3.384099e+000	3.615901e+000	3.133425e-003
1.423183107196922e-002	3.366320e+000	3.633680e+000	3.116963e-003
1.433423107196861e-002	3.348634e+000	3.651366e+000	3.100587e-003
1.443663107196800e-002	3.331042e+000	3.668958e+000	3.084298e-003
1.453903107196739e-002	3.313542e+000	3.686458e+000	3.068094e-003
1.464143107196679e-002	3.296134e+000	3.703866e+000	3.051976e-003
1.474383107196618e-002	3.278817e+000	3.721183e+000	3.035941e-003
1.484623107196557e-002	3.261591e+000	3.738409e+000	3.019992e-003
1.494863107196496e-002	3.244456e+000	3.755544e+000	3.004126e-003
1.505103107196435e-002	3.227411e+000	3.772589e+000	2.988343e-003
1.515343107196374e-002	3.210455e+000	3.789545e+000	2.972644e-003
1.525583107196314e-002	3.193588e+000	3.806412e+000	2.957026e-003
1.535823107196253e-002	3.176811e+000	3.823189e+000	2.941491e-003
1.546063107196192e-002	3.160121e+000	3.839879e+000	2.926038e-003
1.556303107196131e-002	3.143518e+000	3.856482e+000	2.910665e-003
1.566543107196071e-002	3.127004e+000	3.872996e+000	2.895374e-003
1.576783107196010e-002	3.110575e+000	3.889425e+000	2.880162e-003
1.587023107195949e-002	3.094234e+000	3.905766e+000	2.865031e-003
1.597263107195888e-002	3.077978e+000	3.922022e+000	2.849979e-003
1.607503107195827e-002	3.061807e+000	3.938193e+000	2.835006e-003
1.617743107195767e-002	3.045721e+000	3.954279e+000	2.820112e-003
1.627983107195706e-002	3.029720e+000	3.970280e+000	2.805297e-003
1.638223107195645e-002	3.013803e+000	3.986197e+000	2.790558e-003
1.648463107195584e-002	2.997970e+000	4.002030e+000	2.775898e-003
1.658703107195523e-002	2.982220e+000	4.017780e+000	2.761314e-003
1.668943107195462e-002	2.966552e+000	4.033448e+000	2.746807e-003
1.679183107195402e-002	2.950967e+000	4.049033e+000	2.732377e-003
1.689423107195341e-002	2.935463e+000	4.064537e+000	2.718022e-003
1.699663107195280e-002	2.920042e+000	4.079958e+000	2.703742e-003
1.709903107195219e-002	2.904701e+000	4.095299e+000	2.689538e-003
1.720143107195158e-002	2.889441e+000	4.110559e+000	2.675408e-003
1.730383107195098e-002	2.874260e+000	4.125740e+000	2.661352e-003
1.740623107195037e-002	2.859160e+000	4.140840e+000	2.647370e-003
1.750863107194976e-002	2.844139e+000	4.155861e+000	2.633462e-003
1.761103107194915e-002	2.829197e+000	4.170803e+000	2.619627e-003
1.771343107194854e-002	2.814333e+000	4.185667e+000	2.605864e-003
1.781583107194793e-002	2.799548e+000	4.200452e+000	2.592174e-003
1.791823107194733e-002	2.784840e+000	4.215160e+000	2.578556e-003
1.802063107194672e-002	2.770209e+000	4.229791e+000	2.565009e-003
1.812303107194611e-002	2.755656e+000	4.244344e+000	2.551533e-003
1.822543107194550e-002	2.741179e+000	4.258821e+000	2.538128e-003
1.832783107194489e-002	2.726778e+000	4.273222e+000	2.524794e-003
1.843023107194429e-002	2.712452e+000	4.287548e+000	2.511529e-003
1.853263107194368e-002	2.698202e+000	4.301798e+000	2.498335e-003
1.863503107194307e-002	2.684026e+000	4.315974e+000	2.485210e-003
1.873743107194246e-002	2.669925e+000	4.330075e+000	2.472153e-003
1.883983107194185e-002	2.655899e+000	4.344101e+000	2.459165e-003
1.894223107194125e-002	2.641945e+000	4.358055e+000	2.446246e-003
1.904463107194064e-002	2.628066e+000	4.371934e+000	2.433394e-003
1.914703107194003e-002	2.614259e+000	4.385741e+000	2.420610e-003
1.924943107193942e-002	2.600524e+000	4.399476e+000	2.407893e-003
1.935183107193881e-002	2.586862e+000	4.413138e+000	2.395243e-003
1.945423107193820e-002	2.573272e+000	4.426728e+000	2.382659e-003
1.955663107193760e-002	2.559752e+000	4.440248e+000	2.370141e-003
1.965903107193699e-002	2.546305e+000	4.453695e+000	2.357689e-003
1.976143107193638e-002	2.532927e+000	4.467073e+000	2.345303e-003
1.986383107193577e-002	2.519620e+000	4.480380e+000	2.332982e-003
1.996623107193516e-002	2.506383e+000	4.493617e+000	2.320725e-003
2.006863107193456e-002	2.493215e+000	4.506785e+000	2.308533e-003
2.017103107193395e-002	2.480117e+000	4.519883e+000	2.296404e-003
2.027343107193334e-002	2.467087e+000	4.532913e+000	2.284340e-003
2.037583107193273e-002	2.454126e+000	4.545874e+000	2.272339e-003
2.047823107193212e-002	2.441233e+000	4.558767e+000	2.260401e-003
2.058063107193152e-002	2.428408e+000	4.571592e+000	2.248526e-003
2.068303107193091e-002	2.415649e+000	4.584351e+000	2.236712e-003
2.078543107193030e-002	2.402958e+000	4.597042e+000	2.224962e-003
2.088783107192969e-002	2.390334e+000	4.609666e+000	2.213272e-003
2.099023107192908e-002	2.377776e+000	4.622224e+000	2.201645e-003
2.109263107192847e-002	2.365284e+000	4.634716e+000	2.190078e-003
2.119503107192787e-002	2.352858e+000	4.647142e+000	2.178572e-003
2.129743107192726e-002	2.340497e+000	4.659503e+000	2.167127e-003
2.139983107192665e-002	2.328201e+000	4.671799e+000	2.155741e-003
2.150223107192604e-002	2.315969e+000	4.684031e+000	2.144416e-003
2.160463107192543e-002	2.303802e+000	4.696198e+000	2.133150e-003
2.170703107192483e-002	2.291698e+000	4.708302e+000	2.121943e-003
2.180943107192422e-002	2.279659e+000	4.720341e+000	2.110795e-003
2.191183107192361e-002	2.267683e+000	4.732317e+000	2.099706e-003
2.201423107192300e-002	2.255769e+000	4.744231e+000	2.088675e-003
2.211663107192239e-002	2.243918e+000	4.756082e+000	2.077702e-003
2.221903107192179e-002	2.232129e+000	4.767871e+000	2.066786e-003
2.232143107192118e-002	2.220402e+000	4.779598e+000	2.055928e-003
2.242383107192057e-002	2.208737e+000	4.791263e+000	2.045127e-003
2.252623107191996e-002	2.197133e+000	4.802867e+000	2.034383e-003
2.262863107191935e-002	2.185590e+000	4.814410e+000	2.023695e-003
2.273103107191874e-002	2.174108e+000	4.825892e+000	2.013063e-003
2.283343107191814e-002	2.162686e+000	4.837314e+000	2.002487e-003
2.293583107191753e-002	2.151324e+000	4.848676e+000	1.991967e-003
2.303823107191692e-002	2.140022e+000	4.859978e+000	1.981501e-003
2.314063107191631e-002	2.128779e+000	4.871221e+000	1.971091e-003
2.324303107191570e-002	2.117595e+000	4.882405e+000	1.960736e-003
2.334543107191510e-002	2.106470e+000	4.893530e+000	1.950435e-003
2.344783107191449e-002	2.095403e+000	4.904597e+000	1.940188e-003
2.355023107191388e-002	2.084395e+000	4.915605e+000	1.929995e-003
2.365263107191327e-002	2.073444e+000	4.926556e+000	1.919856e-003
2.375503107191266e-002	2.062551e+000	4.937449e+000	1.909769e-003
2.385743107191206e-002	2.051715e+000	4.948285e+000	1.899736e-003
2.395983107191145e-002	2.040936e+000	4.959064e+000	1.889756e-003
2.406223107191084e-002	2.030214e+000	4.969786e+000	1.879827e-003
2.416463107191023e-002	2.019547e+000	4.980453e+000	1.869952e-003
2.426703107190962e-002	2.008938e+000	4.991062e+000	1.860128e-003
2.436943107190901e-002	1.998384e+000	5.001616e+000	1.850355e-003
2.447183107190841e-002	1.987885e+000	5.012115e+000	1.840634e-003
2.457423107190780e-002	1.977441e+000	5.022559e+000	1.830964e-003
2.467663107190719e-002	1.967052e+000	5.032948e+000	1.821345e-003
2.477903107190658e-002	1.956718e+000	5.043282e+000	1.811776e-003
2.488143107190597e-002	1.946438e+000	5.053562e+000	1.802258e-003
2.498383107190537e-002	1.936213e+000	5.063787e+000	1.792789e-003
2.508623107190476e-002	1.926040e+000	5.073960e+000	1.783371e-003
2.518863107190415e-002	1.915921e+000	5.084079e+000	1.774001e-003
2.529103107190354e-002	1.905856e+000	5.094144e+000	1.764681e-003
2.539343107190293e-002	1.895843e+000	5.104157e+000	1.755410e-003
2.549583107190232e-002	1.885883e+000	5.114117e+000	1.746188e-003
2.559823107190172e-002	1.875975e+000	5.124025e+000	1.737014e-003
2.570063107190111e-002	1.866120e+000	5.133880e+000	1.727889e-003
2.580303107190050e-002	1.856316e+000	5.143684e+000	1.718811e-003
2.590543107189989e-002	1.846563e+000	5.153437e+000	1.709781e-003
2.600783107189928e-002	1.836862e+000	5.163138e+000	1.700798e-003
2.611023107189868e-002	1.827212e+000	5.172788e+000	1.691863e-003
2.621263107189807e-002	1.817613e+000	5.182387e+000	1.682974e-003
2.631503107189746e-002	1.808064e+000	5.191936e+000	1.674133e-003
2.641743107189685e-002	1.798564e+000	5.201436e+000	1.665337e-003
2.651983107189624e-002	1.789115e+000	5.210885e+000	1.656588e-003
2.662223107189564e-002	1.779716e+000	5.220284e+000	1.647885e-003
2.672463107189503e-002	1.770366e+000	5.229634e+000	1.639228e-003
2.682703107189442e-002	1.761065e+000	5.238935e+000	1.630616e-003
2.692943107189381e-002	1.751813e+000	5.248187e+000	1.622049e-003
2.703183107189320e-002	1.742610e+000	5.257390e+000	1.613528e-003
2.713423107189259e-002	1.733455e+000	5.266545e+000	1.605051e-003
2.723663107189199e-002	1.724348e+000	5.275652e+000	1.596618e-003
2.733903107189138e-002	1.715289e+000	5.284711e+000	1.588230e-003
2.744143107189077e-002	1.706277e+000	5.293723e+000	1.579886e-003
2.754383107189016e-002	1.697313e+000	5.302687e+000	1.571586e-003
2.764623107188955e-002	1.688396e+000	5.311604e+000	1.563330e-003
2.774863107188895e-002	1.679526e+000	5.320474e+000	1.555116e-003
2.785103107188834e-002	1.670702e+000	5.329298e+000	1.546946e-003
2.795343107188773e-002	1.661925e+000	5.338075e+000	1.538819e-003
2.805583107188712e-002	1.653193e+000	5.346807e+000	1.530735e-003
2.815823107188651e-002	1.644508e+000	5.355492e+000	1.522693e-003
2.826063107188591e-002	1.635869e+000	5.364131e+000	1.514693e-003
2.836303107188530e-002	1.627275e+000	5.372725e+000	1.506736e-003
2.846543107188469e-002	1.618725e+000	5.381275e+000	1.498820e-003
2.856783107188408e-002	1.610221e+000	5.389779e+000	1.490945e-003
2.867023107188347e-002	1.601762e+000	5.398238e+000	1.483113e-003
2.877263107188286e-002	1.593347e+000	5.406653e+000	1.475321e-003
2.887503107188226e-002	1.584976e+000	5.415024e+000	1.467570e-003
2.897743107188165e-002	1.576649e+000	5.423351e+000	1.459860e-003
2.907983107188104e-002	1.568366e+000	5.431634e+000	1.452190e-003
2.918223107188043e-002	1.560126e+000	5.439874e+000	1.444561e-003
2.928463107187982e-002	1.551929e+000	5.448071e+000	1.436972e-003
2.938703107187922e-002	1.543777e+000	5.456223e+000	1.429423e-003
2.948943107187861e-002	1.535666e+000	5.464334e+000	1.421913e-003
2.959183107187800e-002	1.527598e+000	5.472402e+000	1.414443e-003
2.969423107187739e-002	1.519573e+000	5.480427e+000	1.407012e-003
2.979663107187678e-002	1.511590e+000	5.488410e+000	1.399620e-003
2.989903107187618e-002	1.503648e+000	5.496352e+000	1.392267e-003
3.000143107187557e-002	1.495749e+000	5.504251e+000	1.384952e-003
3.010383107187496e-002	1.487890e+000	5.512110e+000	1.377676e-003
3.020623107187435e-002	1.480073e+000	5.519927e+000	1.370438e-003
3.030863107187374e-002	1.472298e+000	5.527702e+000	1.363239e-003
3.041103107187313e-002	1.464563e+000	5.535437e+000	1.356077e-003
3.051343107187253e-002	1.456869e+000	5.543131e+000	1.348952e-003
3.061583107187192e-002	1.449214e+000	5.550786e+000	1.341865e-003
3.071823107187131e-002	1.441601e+000	5.558399e+000	1.334816e-003
3.082063107187070e-002	1.434027e+000	5.565973e+000	1.327803e-003
3.092303107187009e-002	1.426493e+000	5.573507e+000	1.320827e-003
3.102543107186949e-002	1.418999e+000	5.581001e+000	1.313888e-003
3.112783107186888e-002	1.411544e+000	5.588456e+000	1.306985e-003
3.123023107186827e-002	1.404129e+000	5.595871e+000	1.300119e-003
3.133263107187053e-002	1.396752e+000	5.603248e+000	1.293289e-003
3.143503107187348e-002	1.389414e+000	5.610586e+000	1.286494e-003
3.153743107187642e-002	1.382114e+000	5.617886e+000	1.279735e-003
3.163983107187936e-002	1.374853e+000	5.625147e+000	1.273012e-003
3.174223107188231e-002	1.367630e+000	5.632370e+000	1.266324e-003
3.184463107188525e-002	1.360445e+000	5.639555e+000	1.259671e-003
3.194703107188820e-002	1.353298e+000	5.646702e+000	1.253053e-003
3.204943107189114e-002	1.346188e+000	5.653812e+000	1.246470e-003
3.215183107189409e-002	1.339116e+000	5.660884e+000	1.239922e-003
3.225423107189703e-002	1.332080e+000	5.667920e+000	1.233408e-003
3.235663107189998e-002	1.325082e+000	5.674918e+000	1.226928e-003
3.245903107190292e-002	1.318120e+000	5.681880e+000	1.220482e-003
3.256143107190587e-002	1.311196e+000	5.688804e+000	1.214070e-003
3.266383107190881e-002	1.304307e+000	5.695693e+000	1.207692e-003
3.276623107191175e-002	1.297455e+000	5.702545e+000	1.201347e-003
3.286863107191470e-002	1.290638e+000	5.709362e+000	1.195036e-003
3.297103107191764e-002	1.283858e+000	5.716142e+000	1.188757e-003
3.307343107192059e-002	1.277113e+000	5.722887e+000	1.182512e-003
3.317583107192353e-002	1.270403e+000	5.729597e+000	1.176299e-003
3.327823107192648e-002	1.263729e+000	5.736271e+000	1.170120e-003
3.338063107192942e-002	1.257090e+000	5.742910e+000	1.163972e-003
3.348303107193237e-002	1.250486e+000	5.749514e+000	1.157857e-003
3.358543107193531e-002	1.243916e+000	5.756084e+000	1.151774e-003
3.368783107193826e-002	1.237381e+000	5.762619e+000	1.145723e-003
3.379023107194120e-002	1.230880e+000	5.769120e+000	1.139704e-003
3.389263107194415e-002	1.224413e+000	5.775587e+000	1.133716e-003
3.399503107194709e-002	1.217981e+000	5.782019e+000	1.127760e-003
3.409743107195003e-002	1.211582e+000	5.788418e+000	1.121835e-003
3.419983107195298e-002	1.205217e+000	5.794783e+000	1.115942e-003
3.430223107195592e-002	1.198885e+000	5.801115e+000	1.110079e-003
3.440463107195887e-002	1.192586e+000	5.807414e+000	1.104247e-003
3.450703107196181e-002	1.186321e+000	5.813679e+000	1.098446e-003
3.460943107196476e-002	1.180089e+000	5.819911e+000	1.092675e-003
3.471183107196770e-002	1.173889e+000	5.826111e+000	1.086934e-003
3.481423107197065e-002	1.167722e+000	5.832278e+000	1.081224e-003
3.491663107197359e-002	1.161587e+000	5.838413e+000	1.075543e-003
3.501903107197654e-002	1.155484e+000	5.844516e+000	1.069893e-003
3.512143107197948e-002	1.149414e+000	5.850586e+000	1.064272e-003
3.522383107198242e-002	1.143375e+000	5.856625e+000	1.058681e-003
3.532623107198537e-002	1.137368e+000	5.862632e+000	1.053119e-003
3.542863107198831e-002	1.131393e+000	5.868607e+000	1.047586e-003
3.553103107199126e-002	1.125449e+000	5.874551e+000	1.042083e-003
3.563343107199420e-002	1.119536e+000	5.880464e+000	1.036608e-003
3.573583107199715e-002	1.113655e+000	5.886345e+000	1.031162e-003
3.583823107200009e-002	1.107804e+000	5.892196e+000	1.025744e-003
3.594063107200304e-002	1.101984e+000	5.898016e+000	1.020356e-003
3.604303107200598e-002	1.096195e+000	5.903805e+000	1.014995e-003
3.614543107200893e-002	1.090436e+000	5.909564e+000	1.009663e-003
3.624783107201187e-002	1.084707e+000	5.915293e+000	1.004358e-003
3.635023107201481e-002	1.079008e+000	5.920992e+000	9.990816e-004
3.645263107201776e-002	1.073339e+000	5.926661e+000	9.938328e-004
3.655503107202070e-002	1.067700e+000	5.932300e+000	9.886116e-004
3.665743107202365e-002	1.062091e+000	5.937909e+000	9.834178e-004
3.675983107202659e-002	1.056511e+000	5.943489e+000	9.782513e-004
3.686223107202954e-002	1.050961e+000	5.949039e+000	9.731119e-004
3.696463107203248e-002	1.045440e+000	5.954560e+000	9.679995e-004
3.706703107203543e-002	1.039947e+000	5.960053e+000	9.629140e-004
3.716943107203837e-002	1.034483e+000	5.965517e+000	9.578552e-004
3.727183107204132e-002	1.029049e+000	5.970951e+000	9.528230e-004
3.737423107204426e-002	1.023643e+000	5.976357e+000	9.478172e-004
3.747663107204721e-002	1.018265e+000	5.981735e+000	9.428377e-004
3.757903107205015e-002	1.012915e+000	5.987085e+000	9.378844e-004
3.768143107205309e-002	1.007594e+000	5.992406e+000	9.329570e-004
3.778383107205604e-002	1.002300e+000	5.997700e+000	9.280556e-004
3.788623107205898e-002	9.970345e-001	6.002965e+000	9.231800e-004
3.798863107206193e-002	9.917965e-001	6.008204e+000	9.183299e-004
3.809103107206487e-002	9.865856e-001	6.013414e+000	9.135053e-004
3.819343107206782e-002	9.814024e-001	6.018598e+000	9.087061e-004
3.829583107207076e-002	9.762468e-001	6.023753e+000	9.039321e-004
3.839823107207371e-002	9.711180e-001	6.028882e+000	8.991832e-004
3.850063107207665e-002	9.660158e-001	6.033984e+000	8.944591e-004
3.860303107207960e-002	9.609408e-001	6.039059e+000	8.897600e-004
3.870543107208254e-002	9.558926e-001	6.044107e+000	8.850855e-004
3.880783107208548e-002	9.508705e-001	6.049129e+000	8.804356e-004
3.891023107208843e-002	9.458747e-001	6.054125e+000	8.758101e-004
3.901263107209137e-002	9.409056e-001	6.059094e+000	8.712089e-004
3.911503107209432e-002	9.359627e-001	6.064037e+000	8.666319e-004
3.921743107209726e-002	9.310451e-001	6.068955e+000	8.620789e-004
3.931983107210021e-002	9.261537e-001	6.073846e+000	8.575499e-004
3.942223107210315e-002	9.212880e-001	6.078712e+000	8.530446e-004
3.952463107210610e-002	9.164481e-001	6.083552e+000	8.485630e-004
3.962703107210904e-002	9.116335e-001	6.088367e+000	8.441050e-004
3.972943107211199e-002	9.068441e-001	6.093156e+000	8.396704e-004
3.983183107211493e-002	9.020796e-001	6.097920e+000	8.352590e-004
3.993423107211788e-002	8.973408e-001	6.102659e+000	8.308709e-004
4.003663107212082e-002	8.926263e-001	6.107374e+000	8.265058e-004
4.013903107212376e-002	8.879366e-001	6.112063e+000	8.221636e-004
4.024143107212671e-002	8.832717e-001	6.116728e+000	8.178442e-004
4.034383107212965e-002	8.786316e-001	6.121368e+000	8.135476e-004
4.044623107213260e-002	8.740153e-001	6.125985e+000	8.092735e-004
4.054863107213554e-002	8.694239e-001	6.130576e+000	8.050219e-004
4.065103107213849e-002	8.648558e-001	6.135144e+000	8.007926e-004
4.075343107214143e-002	8.603125e-001	6.139688e+000	7.965855e-004
4.085583107214438e-002	8.557925e-001	6.144207e+000	7.924005e-004
4.095823107214732e-002	8.512964e-001	6.148704e+000	7.882376e-004
4.106063107215027e-002	8.468242e-001	6.153176e+000	7.840964e-004
4.116303107215321e-002	8.423753e-001	6.157625e+000	7.799771e-004
4.126543107215615e-002	8.379498e-001	6.162050e+000	7.758794e-004
4.136783107215910e-002	8.335476e-001	6.166452e+000	7.718031e-004
4.147023107216204e-002	8.291683e-001	6.170832e+000	7.677484e-004
4.157263107216499e-002	8.248119e-001	6.175188e+000	7.637149e-004
4.167503107216793e-002	8.204789e-001	6.179521e+000	7.597026e-004
4.177743107217088e-002	8.161683e-001	6.183832e+000	7.557114e-004
4.187983107217382e-002	8.118806e-001	6.188119e+000	7.517412e-004
4.198223107217677e-002	8.076153e-001	6.192385e+000	7.477918e-004
4.208463107217971e-002	8.033724e-001	6.196628e+000	7.438632e-004
4.218703107218266e-002	7.991514e-001	6.200849e+000	7.399552e-004
4.228943107218560e-002	7.949533e-001	6.205047e+000	7.360677e-004
4.239183107218855e-002	7.907767e-001	6.209223e+000	7.322007e-004
4.249423107219149e-002	7.866225e-001	6.213377e+000	7.283540e-004
4.259663107219443e-002	7.824898e-001	6.217510e+000	7.245275e-004
4.269903107219738e-002	7.783790e-001	6.221621e+000	7.207210e-004
4.280143107220032e-002	7.742896e-001	6.225710e+000	7.169346e-004
4.290383107220327e-002	7.702217e-001	6.229778e+000	7.131681e-004
4.300623107220621e-002	7.661753e-001	6.233825e+000	7.094214e-004
4.310863107220916e-002	7.621498e-001	6.237850e+000	7.056944e-004
4.321103107221210e-002	7.581458e-001	6.241854e+000	7.019869e-004
4.331343107221505e-002	7.541628e-001	6.245837e+000	6.982989e-004
4.341583107221799e-002	7.502007e-001	6.249799e+000	6.946303e-004
4.351823107222094e-002	7.462592e-001	6.253741e+000	6.909809e-004
4.362063107222388e-002	7.423387e-001	6.257661e+000	6.873508e-004
4.372303107222682e-002	7.384391e-001	6.261561e+000	6.837397e-004
4.382543107222977e-002	7.345595e-001	6.265440e+000	6.801476e-004
4.392783107223271e-002	7.307005e-001	6.269300e+000	6.765743e-004
4.403023107223566e-002	7.268615e-001	6.273139e+000	6.730199e-004
4.413263107223860e-002	7.230430e-001	6.276957e+000	6.694840e-004
4.423503107224155e-002	7.192440e-001	6.280756e+000	6.659668e-004
4.433743107224449e-002	7.154655e-001	6.284534e+000	6.624680e-004
4.443983107224744e-002	7.117066e-001	6.288293e+000	6.589877e-004
4.454223107225038e-002	7.079678e-001	6.292032e+000	6.555256e-004
4.464463107225333e-002	7.042484e-001	6.295752e+000	6.520817e-004
4.474703107225627e-002	7.005482e-001	6.299452e+000	6.486559e-004
4.484943107225922e-002	6.968679e-001	6.303132e+000	6.452481e-004
4.495183107226216e-002	6.932068e-001	6.306793e+000	6.418582e-004
4.505423107226510e-002	6.895652e-001	6.310435e+000	6.384861e-004
4.515663107226805e-002	6.859422e-001	6.314058e+000	6.351317e-004
4.525903107227099e-002	6.823387e-001	6.317661e+000	6.317950e-004
4.536143107227394e-002	6.787539e-001	6.321246e+000	6.284757e-004
4.546383107227688e-002	6.751881e-001	6.324812e+000	6.251740e-004
4.556623107227983e-002	6.716409e-001	6.328359e+000	6.218895e-004
4.566863107228277e-002	6.681123e-001	6.331888e+000	6.186223e-004
4.577103107228572e-002	6.646023e-001	6.335398e+000	6.153723e-004
4.587343107228866e-002	6.611104e-001	6.338890e+000	6.121394e-004
4.597583107229161e-002	6.576371e-001	6.342363e+000	6.089234e-004
4.607823107229455e-002	6.541824e-001	6.345818e+000	6.057243e-004
4.618063107229749e-002	6.507454e-001	6.349255e+000	6.025421e-004
4.628303107230044e-002	6.473265e-001	6.352674e+000	5.993766e-004
4.638543107230338e-002	6.439257e-001	6.356074e+000	5.962276e-004
4.648783107230633e-002	6.405430e-001	6.359457e+000	5.930953e-004
4.659023107230927e-002	6.371779e-001	6.362822e+000	5.899793e-004
4.669263107231222e-002	6.338301e-001	6.366170e+000	5.868798e-004
4.679503107231516e-002	6.305003e-001	6.369500e+000	5.837966e-004
4.689743107231811e-002	6.271877e-001	6.372812e+000	5.807295e-004
4.699983107232105e-002	6.238928e-001	6.376107e+000	5.776786e-004
4.710223107232400e-002	6.206150e-001	6.379385e+000	5.746437e-004
4.720463107232694e-002	6.173549e-001	6.382645e+000	5.716247e-004
4.730703107232989e-002	6.141114e-001	6.385889e+000	5.686216e-004
4.740943107233283e-002	6.108851e-001	6.389115e+000	5.656342e-004
4.751183107233577e-002	6.076756e-001	6.392324e+000	5.626626e-004
4.761423107233872e-002	6.044831e-001	6.395517e+000	5.597066e-004
4.771663107234166e-002	6.013074e-001	6.398693e+000	5.567661e-004
4.781903107234461e-002	5.981483e-001	6.401852e+000	5.538410e-004
4.792143107234755e-002	5.950060e-001	6.404994e+000	5.509313e-004
4.802383107235050e-002	5.918798e-001	6.408120e+000	5.480369e-004
4.812623107235344e-002	5.887704e-001	6.411230e+000	5.451578e-004
4.822863107235639e-002	5.856771e-001	6.414323e+000	5.422937e-004
4.833103107235933e-002	5.826001e-001	6.417400e+000	5.394447e-004
4.843343107236228e-002	5.795393e-001	6.420461e+000	5.366106e-004
4.853583107236522e-002	5.764947e-001	6.423505e+000	5.337915e-004
4.863823107236816e-002	5.734663e-001	6.426534e+000	5.309871e-004
4.874063107237111e-002	5.704532e-001	6.429547e+000	5.281975e-004
4.884303107237405e-002	5.674562e-001	6.432544e+000	5.254226e-004
4.894543107237700e-002	5.644751e-001	6.435525e+000	5.226622e-004
4.904783107237994e-002	5.615096e-001	6.438490e+000	5.199163e-004
4.915023107238289e-002	5.585594e-001	6.441441e+000	5.171848e-004
4.925263107238583e-002	5.556250e-001	6.444375e+000	5.144677e-004
4.935503107238878e-002	5.527062e-001	6.447294e+000	5.117649e-004
4.945743107239172e-002	5.498023e-001	6.450198e+000	5.090763e-004
4.955983107239467e-002	5.469141e-001	6.453086e+000	5.064018e-004
4.966223107239761e-002	5.440407e-001	6.455959e+000	5.037413e-004
4.976463107240055e-002	5.411825e-001	6.458817e+000	5.010949e-004
4.986703107240350e-002	5.383391e-001	6.461661e+000	4.984623e-004
4.996943107240644e-002	5.355110e-001	6.464489e+000	4.958435e-004
5.007183107240939e-002	5.326977e-001	6.467302e+000	4.932386e-004
5.017423107241233e-002	5.298991e-001	6.470101e+000	4.906472e-004
5.027663107241528e-002	5.271153e-001	6.472885e+000	4.880695e-004
5.037903107241822e-002	5.243459e-001	6.475654e+000	4.855054e-004
5.048143107242117e-002	5.215912e-001	6.478409e+000	4.829548e-004
5.058383107242411e-002	5.188508e-001	6.481149e+000	4.804175e-004
5.068623107242706e-002	5.161252e-001	6.483875e+000	4.778935e-004
5.078863107243000e-002	5.134134e-001	6.486587e+000	4.753828e-004
5.089103107243295e-002	5.107160e-001	6.489284e+000	4.728854e-004
5.099343107243589e-002	5.080333e-001	6.491967e+000	4.704010e-004
5.109583107243883e-002	5.053639e-001	6.494636e+000	4.679297e-004
5.119823107244178e-002	5.027089e-001	6.497291e+000	4.654713e-004
5.130063107244472e-002	5.000682e-001	6.499932e+000	4.630259e-004
5.140303107244767e-002	4.974408e-001	6.502559e+000	4.605933e-004
5.150543107245061e-002	4.948273e-001	6.505173e+000	4.581736e-004
5.160783107245356e-002	4.922280e-001	6.507772e+000	4.557665e-004
5.171023107245650e-002	4.896417e-001	6.510358e+000	4.533720e-004
5.181263107245945e-002	4.870696e-001	6.512930e+000	4.509902e-004
5.191503107246239e-002	4.845104e-001	6.515490e+000	4.486208e-004
5.201743107246534e-002	4.819651e-001	6.518035e+000	4.462640e-004
5.211983107246828e-002	4.794331e-001	6.520567e+000	4.439194e-004
5.222223107247122e-002	4.769144e-001	6.523086e+000	4.415872e-004
5.232463107247417e-002	4.744086e-001	6.525591e+000	4.392673e-004
5.242703107247711e-002	4.719162e-001	6.528084e+000	4.369596e-004
5.252943107248006e-002	4.694371e-001	6.530563e+000	4.346639e-004
5.263183107248300e-002	4.669709e-001	6.533029e+000	4.323804e-004
5.273423107248595e-002	4.645176e-001	6.535482e+000	4.301088e-004
5.283663107248889e-002	4.620771e-001	6.537923e+000	4.278492e-004
5.293903107249184e-002	4.596496e-001	6.540350e+000	4.256014e-004
5.304143107249478e-002	4.572349e-001	6.542765e+000	4.233654e-004
5.314383107249773e-002	4.548326e-001	6.545167e+000	4.211412e-004
5.324623107250067e-002	4.524431e-001	6.547557e+000	4.189287e-004
5.334863107250362e-002	4.500661e-001	6.549934e+000	4.167278e-004
5.345103107250656e-002	4.477015e-001	6.552299e+000	4.145385e-004
5.355343107250950e-002	4.453497e-001	6.554650e+000	4.123606e-004
5.365583107251245e-002	4.430099e-001	6.556990e+000	4.101942e-004
5.375823107251539e-002	4.406824e-001	6.559318e+000	4.080392e-004
5.386063107251834e-002	4.383674e-001	6.561633e+000	4.058955e-004
5.396303107252128e-002	4.360642e-001	6.563936e+000	4.037631e-004
5.406543107252423e-002	4.337730e-001	6.566227e+000	4.016419e-004
5.416783107252717e-002	4.314942e-001	6.568506e+000	3.995318e-004
5.427023107253012e-002	4.292274e-001	6.570773e+000	3.974328e-004
5.437263107253306e-002	4.269724e-001	6.573028e+000	3.953448e-004
5.447503107253601e-002	4.247293e-001	6.575271e+000	3.932678e-004
5.457743107253895e-002	4.224977e-001	6.577502e+000	3.912017e-004
5.467983107254189e-002	4.202781e-001	6.579722e+000	3.891465e-004
5.478223107254484e-002	4.180703e-001	6.581930e+000	3.871021e-004
5.488463107254778e-002	4.158740e-001	6.584126e+000	3.850684e-004
5.498703107255073e-002	4.136891e-001	6.586311e+000	3.830453e-004
5.508943107255367e-002	4.115157e-001	6.588484e+000	3.810330e-004
5.519183107255662e-002	4.093537e-001	6.590646e+000	3.790312e-004
5.529423107255956e-002	4.072032e-001	6.592797e+000	3.770399e-004
5.539663107256251e-002	4.050636e-001	6.594936e+000	3.750590e-004
5.549903107256545e-002	4.029355e-001	6.597064e+000	3.730886e-004
5.560143107256840e-002	4.008188e-001	6.599181e+000	3.711285e-004
5.570383107257134e-002	3.987131e-001	6.601287e+000	3.691788e-004
5.580623107257429e-002	3.966184e-001	6.603382e+000	3.672392e-004
5.590863107257723e-002	3.945346e-001	6.605465e+000	3.653099e-004
5.601103107258017e-002	3.924618e-001	6.607538e+000	3.633907e-004
5.611343107258312e-002	3.903999e-001	6.609600e+000	3.614816e-004
5.621583107258606e-002	3.883491e-001	6.611651e+000	3.595825e-004
5.631823107258901e-002	3.863087e-001	6.613691e+000	3.576934e-004
5.642063107259195e-002	3.842793e-001	6.615721e+000	3.558141e-004
5.652303107259490e-002	3.822603e-001	6.617740e+000	3.539448e-004
5.662543107259784e-002	3.802524e-001	6.619748e+000	3.520853e-004
5.672783107260079e-002	3.782544e-001	6.621746e+000	3.502356e-004
5.683023107260373e-002	3.762674e-001	6.623733e+000	3.483956e-004
5.693263107260668e-002	3.742905e-001	6.625710e+000	3.465652e-004
5.703503107260962e-002	3.723240e-001	6.627676e+000	3.447445e-004
5.713743107261256e-002	3.703680e-001	6.629632e+000	3.429333e-004
5.723983107261551e-002	3.684220e-001	6.631578e+000	3.411317e-004
5.734223107261845e-002	3.664865e-001	6.633513e+000	3.393395e-004
5.744463107262140e-002	3.645611e-001	6.635439e+000	3.375568e-004
5.754703107262434e-002	3.626461e-001	6.637354e+000	3.357833e-004
5.764943107262729e-002	3.607407e-001	6.639259e+000	3.340193e-004
5.775183107263023e-002	3.588457e-001	6.641154e+000	3.322645e-004
5.785423107263318e-002	3.569603e-001	6.643040e+000	3.305188e-004
5.795663107263612e-002	3.550849e-001	6.644915e+000	3.287824e-004
5.805903107263907e-002	3.532195e-001	6.646780e+000	3.270551e-004
5.816143107264201e-002	3.513637e-001	6.648636e+000	3.253369e-004
5.826383107264496e-002	3.495178e-001	6.650482e+000	3.236277e-004
5.836623107264790e-002	3.476815e-001	6.652318e+000	3.219275e-004
5.846863107265084e-002	3.458552e-001	6.654145e+000	3.202362e-004
5.857103107265379e-002	3.440380e-001	6.655962e+000	3.185538e-004
5.867343107265673e-002	3.422308e-001	6.657769e+000	3.168802e-004
5.877583107265968e-002	3.404326e-001	6.659567e+000	3.152154e-004
5.887823107266262e-002	3.386440e-001	6.661356e+000	3.135594e-004
5.898063107266557e-002	3.368649e-001	6.663135e+000	3.119121e-004
5.908303107266851e-002	3.350954e-001	6.664905e+000	3.102734e-004
5.918543107267146e-002	3.333349e-001	6.666665e+000	3.086433e-004
5.928783107267440e-002	3.315835e-001	6.668417e+000	3.070218e-004
5.939023107267735e-002	3.298416e-001	6.670158e+000	3.054088e-004
5.949263107268029e-002	3.281088e-001	6.671891e+000	3.038043e-004
5.959503107268323e-002	3.263850e-001	6.673615e+000	3.022083e-004
5.969743107268618e-002	3.246703e-001	6.675330e+000	3.006206e-004
5.979983107268912e-002	3.229647e-001	6.677035e+000	2.990412e-004
5.990223107269207e-002	3.212676e-001	6.678732e+000	2.974702e-004
5.999993107269488e-002	3.196573e-001	6.680343e+000	2.959789e-004
6.000000000000000e-002	3.196559e-001	6.680344e+000	2.959779e-004
